176
125
128
183
158
106
123
177
177
187
103
136
115
113
151
118
129
181
114
188
119
186
132
127
156
133
175
107
116
101
195
146
133
152
192
120
171
174
106
148
100
102
165
168
107
125
110
148
166
160
132
179
108
149
172
196
186
173
137
171
150
193
171
173
196
103
188
182
197
196
152
114
122
119
166
193
145
115
199
189
182
102
168
152
159
114
148
191
196
197
100
199
127
173
193
162
158
192
144
185
185
103
104
160
132
117
170
164
160
141
117
158
131
128
193
191
144
144
186
101
117
118
125
159
108
148
121
169
119
134
171
132
100
125
188
152
134
145
198
150
106
135
147
178
199
102
167
148
193
125
168
194
185
109
143
174
113
183
188
137
164
102
140
187
145
159
125
184
160
182
158
120
126
130
105
143
101
162
141
169
158
122
118
176
151
105
108
131
158
177
170
154
1000153
1000255
165
166
122
124
112
166
107
199
